89
84
88
60
72
49
29
58
39
93
2
20
39
57
56
15
45
10
45
63
87
10
46
16
26
46
69
75
23
94
45
64
79
86
76
3
35
6
61
74
99
64
46
90
21
2
6
18
13
3
82
52
13
80
69
92
26
90
19
2
84
64
66
15
50
43
18
37
1
80
11
52
44
9
43
17
12
1
88
77
56
22
29
21
2
50
13
28
40
32
82
77
49
49
92
99
44
11
37
97
43
0
49
39
10
92
56
74
45
44
3
1
66
32
23
20
35
88
1
27
73
83
4
22
84
49
21
80
60
10
77
55
11
27
94
73
71
50
99
69
47
2
70
65
86
45
86
21
34
39
1
7
22
5
29
7
54
2
87
66
13
17
21
76
96
15
1
19
18
0
88
17
2
11
34
40
56
20
62
90
59
15
49
34
20
30
93
27
33
32
45
98
49
19
74
45
86
75
17
56
27
5
73
81
16
8
21
25
80
35
67
92
50
17
26
71
47
71
50
32
3
95
30
53
66
56
50
53
83
19
9
10
25
35
91
93
43
13
70
23
48
38
67
99
7
45
22
6
16
24
39
20
71
21
25
38
78
27
43
61
47
52
72
24
87
63
69
82
28
40
58
29
78
25
80
85
23
2
43
39
78
82
11
49
56
88
39
34
16
82
95
15
87
19
39
26
35
60
9
15
0
19
44
78
44
24
15
67
78
11
59
56
93
70
58
49
59
97
35
27
32
83
42
19
54
33
45
89
93
6
5
46
25
49
24
22
26
92
89
4
3
0
61
48
71
71
50
82
68
85
61
0
20
3
71
75
88
17
16
33
23
21
79
1
23
56
23
49
0
64
5
55
65
18
3
88
89
5
70
10
43
31
62
63
86
34
90
26
3
7
11
78
80
91
79
3
99
2
4
99
67
62
6
32
80
9
72
70
67
42
32
10
25
94
25
63
28
16
41
83
23
52
62
3
43
41
59
94
96
15
45
63
77
51
47
58
13
19
80
80
13
12
90
90
58
67
5
39
83
46
22
58
98
84
14
94
78
25
88
74
40
34
89
18
37
88
28
50
59
60
30
24
24
72
14
82
40
19
21
75
17
96
34
15
80
48
9
58
73
50
84
65
36
73
35
73
13
15
24
72
75
6
96
51
31
62
34
71
33
7
98
50
3
32
66
36
32
27
46
57
77
83
75
65
8
10
39
22
78
15
94
53
73
91
57
4
5
43
27
39
50
26
89
6
10
7
94
95
35
40
4
64
23
79
30
32
42
21
54
20
36
0
25
9
43
82
66
49
25
93
88
28
71
77
86
34
85
80
29
72
20
85
36
96
17
66
80
59
87
86
31
75
86
56
37
30
91
55
31
68
48
19
96
72
48
82
58
85
62
39
57
35
24
94
83
41
12
15
52
52
1
83
27
39
92
16
21
35
71
52
3
72
23
0
44
72
34
2
57
49
41
15
36
17
61
19
11
73
34
63
25
87
99
5
26
43
21
48
78
93
52
33
17
76
85
61
48
20
15
5
69
8
72
57
77
33
76
88
59
62
52
36
49
3
93
75
46
15
75
76
60
28
9
77
4
95
90
4
67
57
61
88
17
34
45
94
19
21
35
30
35
87
19
36
42
12
63
40
27
39
16
39
19
77
68
75
72
10
79
39
67
40
79
36
26
24
83
98
97
18
28
32
57
47
68
99
60
32
39
39
23
7
31
42
84
99
17
9
10
96
0
29
88
80
66
15
4
49
13
2
19
93
86
76
93
7
75
5
39
66
44
14
73
75
56
9
27
25
18
37
73
19
18
61
99
84
28
55
85
41
57
4
87
96
80
80
3
7
85
94
25
81
8
50
9
16
60
36
41
78
25
14
97
43
27
48
80
56
4
65
49
13
22
36
9
54
68
12
62
5
58
39
87
66
90
96
82
50
84
75
28
61
89
78
4
69
26
36
25
30
54
74
96
76
63
5
30
83
70
44
89
28
84
76
95
74
24
29
76
60
5
4
21
46
82
77
67
61
66
92
43
20
19
39
48
34
45
30
17
67
75
6
95
11
34
42
37
10
24
13
70
81
69
43
27
52
21
47
65
87
39
8
59
10
0
7
44
97
37
62
64
64
68
59
75
3
54
64
13
78
77
36
59
47
79
38
51
52
85
68
91
77
76
50
87
28
57
32
25
47
46
89
11
14
1
39
69
7
3
35
85
33
23
96
32
2
34
35
7
72
3
98
49
31
49
88
60
58
20
85
5
18
27
69
85
80
8
6
87
11
41
24
96
16
20
28
71
6
63
78
78
66
76
79
98
77
68
10
88
40
47
93
59
74
Serija: 4095
