1111111111111111111111111111111111111111111111111111111111111111111111111111111111111111111111111111111111111111111111111111111111111111111111111111111
2222222222222222222222222222222222222222222222222222222222222222222222222222222222222222222222222222222222222222222222222222222222222222222222222222222
33333333
444444444444444
5555555555555555555555555555555555555555555555555555555555555555555555555555555555555555555555555555555555555555555555555555555555555555555555555555555
6
7
8
9
10101010101010101010101011010101010101010101010101010101010101010101011010101010101010101010101010100101010110101010101010100101101010101010101010101010
11
12
13
14
15
16
17
18
19191919191919191919191
20
21
222222222222222222222222222222222222222222222222222222222222222222222222222222222222222222222222222222222222222222222222222222222222222222222222222222222
23
24
25
81274089378971460983476089370984671340987340986734189671893860934768913476980134760891347869347186713408937489761380789673410986703489671038740138967109
27
